0001 
0003 
0004 
0005 
0006 
0008 
0009 
0010 
0011 
0012 
0013 
0016 
0019 
0020 
0021 
0023 
0024 
0025 
0026 
0027 
0028 
0029 
0030 
0031 
0032 
0033 
0034 
0035 
0037 
0038 
0039 
0040 
0041 
0042 
0043 
0044 
0045 
0046 
0047 
0048 
0049 
0050 
0051 
0052 
0053 
0054 
0055 
0057 
0058 
0059 
0060 
0061 
0062 
0063 
0065 
0066 
0067 
0068 
0069 
0070 
0071 
0073 
0074 
0075 
0079 
0080 
0082 
0083 
0084 
0085 
0086 
0087 
0088 
0089 
0090 
0091 
0092 
0093 
0096 
0097 
0098 
0099 
0100 
0101 
0102 
0103 
0105 
0108 
0109 
0110 
0112 
0113 
0114 
0115 
0117 
0118 
0119 
0120 
0121 
0122 
0123 
0124 
0125 
0126 
0127 
0128 
0129 
0130 
0131 
0133 
0135 
0136 
0137 
0139 
0141 
0144 
0145 
0146 
0148 
0149 
0151 
0152 
0154 
0157 
0159 
0160 
0161 
0163 
0164 
0188 
0189 
0190 
0192 
0193 
0194 
